"Y" "X1" "X2" "X3" "X4" "X5" "X6" "Lat" "Longi"
"138" 10.93310697 9 26 2 0 0 0.000239059 38.008636 -121.355224
"139" 11.34568955 14 37 3 0 0 0.030195499 37.959856 -121.304256
"140" 11.1844214 12 35 3 1 0 0.047203893 38.033716 -121.313984
"141" 11.6784399 14 72 3 1 0 0.036985573 37.974852 -121.302664
"142" 12.56024446 30 25 5 1 0 0.010063718 37.996064 -121.360976
"143" 11.59910316 12 31 3 0 0 0.04899411 38.029296 -121.3104
"144" 11.53076538 15 17 3 1 0 0.017016946 38.03118 -121.345296
"145" 11.00209984 9 44 3 1 0 0.01594125 37.980164 -121.327168
"146" 11.60823564 18 21 3 0 0 0.018441402 37.995684 -121.33036
"147" 12.03765399 21 21 4 1 0 0.010671918 37.992144 -121.337328
"148" 11.15625052 10 52 2 0 0 0.011686332 37.969376 -121.32764
"149" 12.71889627 32 16 4 0 0 0.110029796 38.043904 -121.250672
"150" 12.78689064 32 19 5 0 0 0.013962082 38.01462 -121.342304
"151" 11.35040654 12 76 2 1 0 0.028757973 37.965676 -121.307992
"152" 11.22524339 10 38 3 0 0 0.04805729 38.033992 -121.313176
"153" 11.0611546 10 18 2 0 0 0.057447905 38.025732 -121.300016
"154" 11.87059991 16 7 3 1 0 0.011367541 37.974084 -121.354064
"155" 11.60823564 13 92 3 0 0 0.036764412 37.962032 -121.298056
"156" 11.46163217 15 46 4 1 0 0.004499736 37.967612 -121.334656
"157" 11.75978554 18 9 4 0 0 0.053287997 38.030244 -121.306168
"158" 11.48246626 12 9 3 0 0 0.075805057 38.02732 -121.280992
"159" 11.69483027 14 29 3 1 0 0.024637863 38.019332 -121.332672
"160" 12.5776362 24 38 4 0 0 0.00119495 37.960944 -121.338224
"161" 10.98529272 8 73 2 1 0 0.046105953 37.97618 -121.293416
"162" 12.14950229 23 20 4 1 0 0.011684918 37.995412 -121.33748
"163" 11.27720313 11 19 4 1 0 0.074451574 38.032912 -121.284552
"164" 11.2515607 11 21 3 0 0 0.072297009 38.0323 -121.286624
"165" 11.9511804 22 50 3 1 0 0.027177467 37.969292 -121.311048
"166" 12.34561717 27 20 6 0 0 0.010104791 37.995176 -121.33908
"167" 11.26318123 11 26 2 0 0 0.083257198 37.976612 -121.253864
"168" 11.87059991 23 15 5 1 0 0.014899385 38.040136 -121.350944
"169" 12.11724143 23 58 3 0 0 0.038520592 37.9764 -121.301608
"170" 11.71993963 15 9 3 1 0 0.008604293 38.03196 -121.354584
"171" 11.30220443 9 51 2 0 0 0.022405669 37.970464 -121.316592
"172" 11.95053503 21 22 4 1 0 0.019060396 37.994196 -121.329136
"173" 11.99535161 20 42 4 1 0 0.019199479 38.017348 -121.337736
"174" 11.80185676 13 22 3 1 0 0.007500077 38.011192 -121.363952
"175" 11.96081129 18 38 3 0 0 0.040588079 38.001112 -121.308736
"176" 11.75978554 14 58 2 1 0 0.031743485 37.971772 -121.307104
"177" 12.20607265 19 19 3 0 0 0.015025363 37.989852 -121.331808
"178" 11.9316358 19 39 4 0 0 0.01938167 38.007892 -121.333968
"179" 11.49272276 11 14 3 0 0 0.067617565 38.027128 -121.289672
"180" 11.60823564 14 35 3 1 0 0.108456842 38.045636 -121.253008
"181" 11.97665948 19 19 3 1 0 0.00307021 37.98206 -121.348208
"182" 11.37939407 13 47 3 1 0 0.007335991 37.969844 -121.348152
"183" 11.69107165 13 36 3 1 0 0.013549454 38.017708 -121.343912
"184" 11.86076146 17 20 3 0 0 0.016240591 37.992316 -121.33144
"185" 11.30220443 12 36 3 0 0 0.04803484 37.996668 -121.299096
"186" 11.28978191 12 10 3 0 0 0.068450512 38.01964 -121.285952
"187" 11.66992921 15 12 3 1 0 0.006924915 38.040716 -121.359688
"188" 11.40700924 11 52 3 0 0 0.050306279 37.9891 -121.293808
"189" 11.45635511 13 48 3 0 0 0.031803836 38.02108 -121.325672
"190" 11.72399644 14 9 3 0 1 0.068120444 38.012228 -121.283504
"191" 11.7905572 15 41 3 1 0 0.010272015 38.003948 -121.342216
"192" 11.85103921 16 17 3 0 0 0.01472278 37.983788 -121.32984
"193" 11.56279124 13 10 3 1 0 0.065232873 38.0095 -121.28556
"194" 11.75978554 13 5 3 1 0 0.032991509 38.046648 -121.334064
"195" 11.36210258 8 36 2 0 0 0.037484969 37.98522 -121.306048
"196" 11.40700924 11.54 17 3 0 0 0.070914143 38.025424 -121.285504
"197" 11.35040654 10 25 3 0 0 0.049634417 38.02374 -121.307616
"198" 11.7829526 18 16 4 0 0 0.017915314 38.040856 -121.347992
"199" 11.6351431 13 3 3 1 0 0.06612693 38.008896 -121.284376
"200" 11.88379913 16 6 3 1 0 0.000429699 38.041416 -121.366896
"201" 12.25486281 21 23 3 0 0 0.044141097 38.05414 -121.324976
"202" 11.28978191 13 52 2 1 0 0.070736298 37.97608 -121.267048
"203" 12.8346813 29 6 3 1 0 0.013275288 37.986788 -121.360904
"204" 11.40756495 10 73 2 0 0 0.03366006 37.969636 -121.304248
"205" 11.61728548 16 21 3 0 0 0.031900329 38.036236 -121.331296
"206" 11.36210258 13 50 3 1 0 0.010819106 37.960148 -121.32508
"207" 11.77528973 16 21 3 0 0 0.00696447 37.990992 -121.340856
"208" 11.58988651 15 21 3 1 0 0.035943811 38.03764 -121.327504
"209" 11.34450681 11 16 3 0 0 0.058290233 38.034572 -121.302456
"210" 11.45105006 10 40 3 0 0 0.010094583 37.964132 -121.32736
"211" 11.57590026 15 26 3 0 0 0.014737644 38.024372 -121.34516
"212" 11.48246626 14 70 2 0 0 0.036845076 37.969056 -121.300624
"213" 11.65702581 16 9 3 1 0 0.053679486 38.03042 -121.305816
"214" 11.58988651 13 6 3 0 0 0.063197493 38.003996 -121.285656
"215" 12.56024446 24 4 4 0 0 0.012910768 37.973656 -121.355552
"216" 11.8493977 20 9 4 0 0 0.053399009 38.029436 -121.305744
"217" 12.08390501 23 18 4 1 0 0.0147114 37.983904 -121.329896
"218" 11.51292546 11 51 2 0 0 0.028675896 38.002048 -121.321824
"219" 11.46163217 14 47 3 0 0 0.018650147 38.003896 -121.33324
"220" 12.76568843 33 19 4 0 0 0.013387851 37.993836 -121.335064
"221" 11.58058411 13 48 3 0 0 0.01602481 37.975764 -121.325416
"222" 12.7367009 35 13 3 0 1 0.098430541 38.0261 -121.256344
"223" 12.26434155 30 51 3 1 0 0.035271811 38.0231 -121.322728
"224" 11.14113688 10 27 4 1 0 0.067145827 37.973904 -121.270064
"225" 11.65268741 15 36 3 0 0 0.023480124 38.02588 -121.336384
"226" 11.48195066 15 73 3 0 0 0.036469899 37.966428 -121.300032
"227" 11.75941829 18 20 4 1 0 0.033516942 38.03196 -121.327952
"228" 11.76756768 17 10 4 0 0 0.065919564 38.01682 -121.287592
"229" 11.64395373 15 9 4 0 0 0.06481721 37.999136 -121.282088
"230" 12.09514108 19 11 3 0 0 0.003751832 38.01464 -121.361248
"231" 11.74403719 19 18 3 0 0 0.015979667 37.994076 -121.332384
"232" 12.10071213 19 58 3 0 0 0.039931425 37.976644 -121.300192
"233" 11.35392973 10 48 2 1 0 0.020724876 37.963592 -121.315792
"234" 12.59473064 26 6 4 0 0 0.014129823 37.985048 -121.36116
"235" 11.98292909 19 9 4 0 1 0.064550217 38.012184 -121.287304
"236" 11.56171563 10 11 3 1 0 0.064787345 38.01114 -121.286656
"237" 11.15625052 9 20 2 0 0 0.059482768 38.0241 -121.297224
"238" 12.67607627 32 39 4 0 1 0.012703919 38.014448 -121.343584
"239" 11.28915672 11 74 2 1 0 0.04711409 37.976428 -121.292432
"240" 11.51292546 15 51 1 0 0 0.031561536 37.986352 -121.312808
"241" 11.32659589 11 40 3 1 0 0.037447999 38.015072 -121.317368
"242" 11.67180779 13 4 3 1 0 0.060385136 37.99568 -121.28552
"243" 11.79810441 16 19 3 0 0 0.011030989 38.033236 -121.352472
"244" 11.98292909 18 6 3 1 0 0.000233472 38.041784 -121.367744
"245" 11.87059991 21 9 3 1 0 0.061497043 38.008056 -121.289008
"246" 11.21182037 10 39 3 1 0 0.010058787 37.965428 -121.327888
"247" 12.4874851 25 40 3 0 1 0.021181923 37.9655 -121.361312
"248" 11.56171563 16 74 2 0 0 0.026866711 37.964708 -121.309648
"249" 11.39639165 13 51 2 1 0 0.041301359 37.976984 -121.298856
"250" 11.59910316 12 16 3 1 0 0.004151183 38.015712 -121.36208
"251" 11.64395373 16 22 3 0 0 0.03469727 38.030324 -121.326072
"252" 11.1124479 10 54 3 0 0 0.067091753 37.976228 -121.271
"253" 11.65268741 13 44 3 0 0 0.015183759 38.005416 -121.33752
"254" 11.90496755 21 19 4 0 0 0.037743236 38.039936 -121.326448
"255" 12.56024446 26 20 4 0 0 0.11059875 38.044328 -121.250224
"256" 11.71993963 18 9 3 1 0 0.061492215 38.008 -121.288992
"257" 12.32829028 19 64 3 0 1 0.103588068 38.035292 -121.254304
"258" 11.7905572 19 9 4 0 0 0.062617364 38.012792 -121.2896
"259" 11.28915672 12 51 3 0 0 0.023962552 37.970232 -121.31484
"260" 11.22524339 9 77 2 1 0 0.047164578 37.975724 -121.292112
"261" 11.56171563 15 24 4 0 1 0.010930979 38.026496 -121.350032
"262" 11.35040654 11 20 3 1 0 0.06058326 38.029288 -121.298008
"263" 12.44901882 26 21 4 0 0 0.007891324 38.0118 -121.3646
"264" 11.80559508 16 41 3 0 0 0.024991864 38.012712 -121.329792
"265" 11.48760766 15 53 3 0 0 0.019355702 37.966832 -121.31848
"266" 11.51242534 14 43 3 0 0 0.046790609 38.012604 -121.306448
"267" 11.22524339 11 60 2 0 0 0.047109642 37.9812 -121.29424
"268" 11.79810441 16 44 3 0 0 0.024542094 38.017812 -121.3322
"269" 11.60823564 18 20 4 1 0 0.035486247 38.025612 -121.323448
"270" 11.27720313 13 20 3 0 0 0.051823089 38.026248 -121.306224
"271" 11.86358234 21 9 4 0 0 0.059481458 38.011288 -121.292384
"272" 11.35040654 14 37 3 1 0 0.004441454 38.003268 -121.348192
"273" 11.73606902 18 9 3 0 0 0.070049227 38.036844 -121.290744
"274" 11.61908566 13 11 3 0 0 0.064728994 38.011356 -121.2868
