"Y" "X1" "X2" "X3" "X4" "X5" "X6" "Lat" "Longi"
"960" 11.36210258 12.23 31 3 0 1 0.049286381 38.031012 -121.310736
"961" 12.46071486 27.07 53 3 0 1 0.034718858 37.978792 -121.306576
"962" 11.94145585 22.26 20 4 0 1 0.02647105 38.040756 -121.338808
"963" 11.31447453 13.91 44 3 0 0 0.028702381 37.983408 -121.314752
"964" 12.25247902 18.95 7 3 0 1 0.009717959 37.988468 -121.357736
"965" 12.51539389 26 30 5 0 1 0.005605573 37.99826 -121.35704
"966" 11.88448902 18.32 20 4 0 1 0.035118209 38.033272 -121.326736
"967" 11.39075783 12.86 43 3 1 1 0.001580955 37.964192 -121.339864
"968" 11.69524702 14.7 3 3 1 1 0.065944566 38.00874 -121.284512
"969" 11.11332811 11.04 46 3 1 1 0.001481358 37.969216 -121.341656
"970" 12.8346813 33.01 44 3 0 1 0.028657825 38.01652 -121.327312
"971" 11.77143616 15.16 30 3 0 0 0.012363298 38.01666 -121.344784
"972" 12.14950229 17.23 7 3 0 1 0.010009575 37.988384 -121.358016
"973" 11.33738089 11.63 52 2 1 1 0.020393774 37.96708 -121.317464
"974" 11.72803684 14.55 8 4 0 1 0.075409741 38.026244 -121.281008
"975" 11.70354582 12.24 39 3 1 1 0.012911906 38.01908 -121.345112
"976" 11.67419361 14.33 19 3 1 1 0.004598677 38.032632 -121.35912
"977" 12.52452638 23.25 5 4 0 1 0.018785196 37.979436 -121.364016
"978" 11.46163217 13.72 73 3 1 1 0.023032733 37.96468 -121.313736
"979" 11.98292909 21.4 22 3 0 0 0.009169765 37.988212 -121.337448
"980" 11.49781183 12.71 19 3 0 1 0.063326333 38.033936 -121.296832
"981" 11.58058411 14.66 38 3 1 1 0.038461517 38.014192 -121.315952
"982" 11.40756495 14.9 20 3 0 1 0.072534826 38.0237 -121.28312
"983" 11.91839057 14.98 71 3 0 1 0.038581874 37.979876 -121.302856
"984" 11.94470788 12.95 58 2 0 0 0.03867878 37.975916 -121.301256
"985" 12.15477935 23 49 3 0 1 0.028704864 37.974608 -121.311424
"986" 11.42954386 10.04 52 3 1 1 0.020847199 37.972364 -121.318976
"987" 11.12726298 11.96 28 4 1 1 0.035887564 38.026832 -121.32348
"988" 11.62892914 13.3 8 3 0 1 0.061927811 38.003368 -121.286776
"989" 11.56171563 15.25 50 3 1 1 0.042851586 37.985392 -121.300376
"990" 12.27139211 23.25 6 4 0 1 0.007610847 37.991084 -121.356472
"991" 11.84222921 15 0 3 0 0 0.000571679 38.040124 -121.366256
"992" 11.88448902 13.49 51 3 0 1 0.029494393 37.970448 -121.309008
"993" 11.72399644 15.57 27 4 1 1 0.013518623 38.0205 -121.345
"994" 11.08214255 8.35 77 2 1 1 0.046305663 37.976872 -121.293464
"995" 11.49781183 14.07 44 3 0 1 0.038826657 38.022296 -121.318624
"996" 11.61728548 14.52 75 3 0 1 0.040046885 37.9728 -121.298616
"997" 11.96876678 16.52 40 3 1 1 0.009327229 38.004472 -121.343424
"998" 12.04941884 19.47 43 3 0 1 0.014955045 38.014444 -121.341176
"999" 11.8493977 20.1 13 4 0 1 0.007927155 38.034956 -121.35644
"1000" 11.6784399 15 10 3 0 1 0.054366832 38.028956 -121.304528
"1001" 11.7905572 16.77 19 3 0 1 0.006550325 37.980844 -121.337464
"1002" 11.4019939 12.76 56 3 1 1 0.038792171 37.979116 -121.302344
"1003" 12.47609978 30.5 20 5 0 1 0.010836038 38.011472 -121.367624
"1004" 11.35040654 13 31 3 0 1 0.04368643 38.027216 -121.315288
"1005" 11.57119437 15.01 21 3 1 1 0.038884594 38.031648 -121.322096
"1006" 11.35034771 9.27 50 2 0 1 0.01350469 37.959256 -121.321872
"1007" 12.07710226 19.71 5 4 0 1 0.033046239 38.046824 -121.334072
"1008" 11.40756495 11.34 16 3 1 1 0.058083729 38.033268 -121.302184
"1009" 11.00209984 8.86 53 2 1 0 0.067633394 37.977972 -121.27108
"1010" 11.91839057 13.82 38 3 0 1 0.031475941 38.015516 -121.32392
"1011" 11.87059991 22.26 20 4 1 0 0.013627806 38.035332 -121.350488
"1012" 11.68687877 14.57 22 3 0 1 0.007916878 38.016212 -121.349368
"1013" 11.41751528 13.01 20 4 1 1 0.074200479 38.0253 -121.281944
"1014" 11.28978191 11.25 60 2 0 1 0.046083709 37.980944 -121.29524
"1015" 11.22524339 9.6 20 3 0 0 0.075139679 38.032424 -121.283632
"1016" 11.79810441 17.7 22 3 1 0 0.004948609 38.016516 -121.352656
"1017" 11.70313252 15.45 24 3 0 1 0.009938533 38.027732 -121.35156
"1018" 11.70766954 10.54 78 2 0 1 0.034648644 37.969744 -121.303232
"1019" 11.65225253 12 40 3 0 1 0.044840237 38.001328 -121.304272
"1020" 11.62625415 13.74 14 3 0 1 0.020729532 38.029552 -121.340712
"1021" 11.42954386 11.13 39 3 0 1 0.053071251 38.007952 -121.297976
"1022" 11.73566894 16.88 18 3 0 1 0.01242358 38.035736 -121.351928
"1023" 11.77143616 18.11 46 4 0 1 0.018468956 38.002092 -121.332752
"1024" 11.82041016 15.33 5 4 0 0 0.052543921 38.031484 -121.307432
"1025" 11.66992921 18.78 53 3 0 1 0.019536479 37.966052 -121.317992
"1026" 11.46163217 11.34 16 3 0 1 0.05708842 38.033268 -121.303248
"1027" 12.08953883 18.27 65 2 0 0 0.021769363 37.964832 -121.315144
"1028" 11.91839057 22.26 21 4 0 0 0.033634644 38.0411 -121.33128
"1029" 11.81265962 15.91 34 3 0 1 0.001565953 38.002744 -121.354416
"1030" 11.3736634 13 47 3 0 1 0.008201769 37.96532 -121.347368
"1031" 12.29728353 25.1 21 5 0 1 0.009936602 37.988476 -121.336728
"1032" 11.97665948 25.47 3 5 0 1 0.052433117 38.031848 -121.307688
"1033" 11.87059991 18.06 9 3 0 1 0.008663506 38.032064 -121.35456
"1034" 11.44035477 11.36 18 4 1 1 0.074143197 38.032336 -121.284664
"1035" 11.55214618 12.22 13 3 0 0 0.002784802 38.031396 -121.360592
"1036" 11.08198869 8.7 50 2 1 1 0.004713033 37.973868 -121.336792
"1037" 11.54248427 14.33 20 3 0 1 0.026854124 38.041628 -121.338728
"1038" 11.56171563 10.2 52 2 0 1 0.023828538 37.968752 -121.314424
"1039" 11.2835123 9.77 52 2 1 1 0.049479849 37.988244 -121.294368
"1040" 12.10043431 20.86 9 3 0 0 0.000145498 38.034856 -121.365032
"1041" 11.33857208 11.36 20 4 1 1 0.078774257 38.035868 -121.281048
"1042" 11.91805718 20.72 24 5 1 0 0.001604302 38.01212 -121.358
"1043" 11.98292909 21.75 9 4 0 0 0.010381716 38.031124 -121.352368
"1044" 11.51292546 11 29 3 0 0 0.042587662 38.006176 -121.308512
"1045" 11.8313792 16.98 20 3 1 0 0.014565937 38.035636 -121.3496
"1046" 11.79433792 17.6 12 3 0 1 0.008400307 38.041312 -121.358336
"1047" 11.50287513 14.05 13 3 1 1 0.05621471 38.00844 -121.2948
"1048" 11.84581988 19.04 20 4 1 0 0.031975992 38.031856 -121.32956
"1049" 11.86358234 15.86 37 3 0 1 0.006373375 38.002488 -121.345832
"1050" 11.71953305 13.52 3 3 0 1 0.064155591 38.006156 -121.285448
"1051" 11.8277362 15.03 9 3 0 1 0.014422474 38.032732 -121.348656
"1052" 11.97665948 16.39 51 2 0 1 0.041322775 37.978336 -121.299344
"1053" 12.69771545 29 1 5 0 0 0.028661903 38.010265 -121.324944
"1054" 11.75194237 16.87 22 3 0 1 0.004690721 38.02652 -121.356712
"1055" 11.78676213 13.62 12 3 1 1 0.008985539 38.041528 -121.357792
"1056" 12.28534583 22.08 8 4 1 0 0.010498521 37.988144 -121.358448
"1057" 11.51292546 11.65 30 3 1 1 0.047160199 38.024616 -121.310592
"1058" 11.65702581 14.58 40 3 0 0 0.020657042 37.971572 -121.31888
"1059" 12.08953883 21.58 5 4 1 1 0.023959 38.052936 -121.346096
"1060" 12.27839331 26.9 9 3 0 0 0.000240162 38.03582 -121.364984
"1061" 11.77528973 18.32 69 3 0 1 0.026811809 37.965336 -121.309944
"1062" 12.42319812 23 5 4 0 1 0.010170763 37.9914 -121.359328
"1063" 11.41310513 8.52 50 2 1 1 0.040250837 37.984788 -121.302928
"1064" 11.56171563 12.29 24 3 0 1 0.049514232 38.026004 -121.3086
"1065" 12.1388639 19.28 79 3 0 1 0.025696488 37.962456 -121.310048
"1066" 12.12757042 20.65 69 4 0 0 0.040570284 37.971592 -121.2976
"1067" 11.40756495 12.1 36 3 1 1 0.040061611 38.025832 -121.31864
"1068" 12.02574909 19.41 44 2 0 1 0.02472394 38.01604 -121.331336
"1069" 12.03469103 16.91 4 3 0 1 0.030080936 38.045972 -121.33692
"1070" 11.69441334 15.35 15 3 1 1 0.006400344 38.03576 -121.358376
"1071" 11.69107165 15.54 40 3 1 0 0.044776852 38.001064 -121.30424
"1072" 11.35040654 10.5 41 3 0 1 0.047838371 38.035024 -121.3138
"1073" 11.3009691 10.77 93 2 1 1 0.042389435 37.969752 -121.29496
"1074" 11.42954386 10.63 42 3 0 1 0.03562871 37.991168 -121.31028
"1075" 11.6307085 10.4 27 3 0 1 0.035615122 38.0264 -121.323608
"1076" 11.51242534 10.14 48 3 0 0 3.67e-05 37.971948 -121.341144
"1077" 12.10625231 16.33 7 3 0 1 0.009529215 37.990124 -121.35816
"1078" 11.08214255 9.93 56 2 0 1 0.02384592 37.973988 -121.316384
"1079" 11.79810441 16.9 5 4 0 1 0.061174631 37.996368 -121.284936
"1080" 11.2515607 8.32 76 2 0 0 0.02464176 37.957588 -121.309336
"1081" 11.72803684 16.52 30 4 1 1 0.039909044 38.017292 -121.315576
"1082" 11.15625052 8.04 52 2 0 1 0.049487126 37.986952 -121.293872
"1083" 11.62177987 15.98 70 2 1 1 0.029141219 37.965744 -121.307608
"1084" 11.69524702 15.33 9 3 1 0 0.06116394 38.00976 -121.290008
"1085" 11.8493977 18.36 23 3 0 1 0.039598012 38.035 -121.3226
"1086" 11.63425775 15.14 30 3 0 1 0.034381686 38.02742 -121.325312
"1087" 11.6307085 11.29 47 3 0 1 0.022642417 38.007124 -121.330192
"1088" 11.92337811 22.26 20 4 0 0 0.029913126 38.042364 -121.335736
"1089" 12.05524976 21.84 84 3 0 1 0.026969653 37.963856 -121.309216
"1090" 11.38281678 11.36 19 3 1 1 0.076590516 38.033628 -121.282536
"1091" 11.45635511 9.62 48 3 0 1 0.005711273 37.970312 -121.346592
"1092" 11.81303006 16.34 10 3 0 0 0.054743353 38.032604 -121.305504
"1093" 11.44571672 11.58 20 3 0 0 0.071782232 38.023688 -121.28392
"1094" 11.81303006 15.33 5 4 1 0 0.052618067 38.031228 -121.307256
"1095" 11.65268741 14.01 14 3 0 1 0.065400545 38.005592 -121.283904
"1096" 11.36210258 8.98 48 2 0 1 0.022137814 38.00576 -121.330216
