"Y" "X1" "X2" "X3" "X4" "X5" "X6" "Lat" "Longi"
"549" 11.01039864 10 69 2 1 0 0.018712671 37.956968 -121.31544
"550" 12.08672589 18 30 3 0 0 0.005035653 38.000084 -121.35712
"551" 11.51242534 14 31 3 0 0 0.047974592 38.030032 -121.311768
"552" 11.32055357 9 53 2 0 0 0.013315223 37.964796 -121.324168
"553" 11.81191833 14 4 3 0 0 0.008917842 37.965016 -121.328952
"554" 12.23076526 18 65 2 0 0 0.029958406 37.973412 -121.309632
"555" 11.38509209 10 49 3 0 0 0.040491517 37.988708 -121.304152
"556" 11.58058411 11 22 3 0 0 0.021824127 37.979256 -121.320536
"557" 11.45105006 10 9 3 1 0 0.075167923 38.0252 -121.280872
"558" 11.51292546 15 24 3 1 0 0.012196798 38.0276 -121.349096
"559" 11.65268741 17 16 4 1 0 0.019122747 38.028796 -121.342144
"560" 11.61728548 13 40 3 1 0 0.016997358 38.018528 -121.340536
"561" 11.77528973 17 73 3 0 0 0.025257167 37.96206 -121.310368
"562" 11.77143616 15 12 3 0 0 0.003216743 38.03808 -121.362656
"563" 11.49272276 10 14 2 0 0 0.000504741 37.99804 -121.351504
"564" 11.41861479 13 10 3 1 0 0.038387647 37.966116 -121.297864
"565" 11.58988651 12 34 3 0 0 0.041975255 38.016532 -121.31308
"566" 11.94470788 16 8 3 1 0 5e-06 38.039572 -121.366664
"567" 11.34450681 11 21 3 0 1 0.073387362 38.033204 -121.2858
"568" 11.60823564 16 35 4 0 0 0.011557664 38.015884 -121.345352
"569" 11.55214618 12 41 3 0 0 0.04761428 38.013304 -121.305832
"570" 11.36210258 11 20 3 0 0 0.072449852 38.022888 -121.282904
"571" 12.01370075 23 39 4 0 1 0.005881808 38.003532 -121.346752
"572" 11.6307085 16 18 3 0 0 0.003828322 38.034708 -121.360728
"573" 11.51292546 15 30 3 0 0 0.049713942 38.0293 -121.309632
"574" 11.4019939 9 46 2 0 0 0.014151688 37.972328 -121.32612
"575" 11.44035477 11 47 3 0 1 0.040027194 38.004204 -121.310504
"576" 11.58988651 12 51 2 1 0 0.026652586 37.974116 -121.313432
"577" 11.6784399 14 14 3 0 0 0.01559318 37.984472 -121.329168
"578" 11.55214618 15 31 3 0 0 0.044347635 38.023688 -121.313248
"579" 11.66992921 15 10 3 0 0 0.064039199 38.007224 -121.285976
"580" 11.74006104 19 9 4 0 0 0.059499529 38.011572 -121.292472
"581" 11.64131868 17 84 4 0 0 0.028394729 37.963484 -121.307552
"582" 11.77528973 14 3 4 0 0 0.06688587 38.008312 -121.283344
"583" 11.58058411 13 44 3 0 0 0.011964292 37.9788 -121.330904
"584" 11.57119437 15 59 3 1 1 0.023680144 37.971656 -121.31568
"585" 11.98261655 19 15 4 0 0 0.031145459 38.035032 -121.331648
"586" 11.47210347 9 47 3 0 0 0.006719756 37.969936 -121.347528
"587" 11.51292546 16 41 3 0 0 0.01529815 38.019056 -121.342552
"588" 11.35040654 12 18 3 0 0 0.071311908 38.016472 -121.281696
"589" 11.89818787 20 18 4 0 0 0.017282628 38.037436 -121.347376
"590" 11.53272809 11 48 3 1 0 0.016999979 37.977316 -121.32496
"591" 11.84904049 18 46 4 0 0 0.038366645 38.003804 -121.312128
"592" 11.9381932 23 19 4 0 0 0.019786988 38.03438 -121.343544
"593" 11.25803322 11 17 3 0 0 0.048978281 37.995124 -121.297504
"594" 12.04060821 21 52 3 0 0 0.004846185 37.968504 -121.344984
"595" 11.36210258 12 51 3 1 0 0.015991634 37.977512 -121.326112
"596" 11.73606902 15 16 3 0 0 0.019449091 38.029444 -121.34204
"597" 11.82041016 18 66 3 0 0 0.01775947 37.968604 -121.320856
"598" 12.27839331 27 8 5 0 1 0.031324718 38.054868 -121.338952
"599" 11.87756858 20 15 3 0 0 0.030918884 38.034264 -121.3316
"600" 11.43496392 14 35 3 1 0 0.043664979 38.01422 -121.3104
"601" 11.28978191 10 24 3 0 0 0.007306609 37.959484 -121.328584
"602" 11.61728548 17 74 2 0 0 0.031596022 37.966168 -121.305144
"603" 11.9381932 17 65 3 0 1 0.020511682 37.964492 -121.31636
"604" 11.27720313 11 44 3 0 0 0.046592934 38.007112 -121.304584
"605" 11.9511804 19 40 4 0 0 0.019795023 38.008024 -121.333576
"606" 11.3736634 12 22 3 0 0 0.04581413 38.029488 -121.313872
"607" 11.39075783 11 22 3 0 0 0.069206107 38.035348 -121.29108
"608" 12.52452638 28 74 4 0 1 0.037100826 37.974056 -121.30224
"609" 11.81303006 16.75 16 3 0 0 0.005039894 37.99554 -121.344632
"610" 11.2185544 10 23 3 0 0 0.070351293 38.0323 -121.288704
"611" 11.2515607 12 21 3 1 0 0.067867729 38.022416 -121.287624
"612" 11.75194237 18 12 4 0 0 0.011421857 38.041688 -121.355248
"613" 11.84904049 16 19 3 0 1 0.0063432 37.980872 -121.337696
"614" 11.8277362 21 10 4 0 0 0.055057661 38.029132 -121.303856
"615" 11.41861479 14 23 3 0 1 0.007286952 38.0251 -121.3534
"616" 11.27720313 10 40 3 0 0 0.037431618 38.015068 -121.317384
"617" 11.32055357 10 48 3 0 0 0.018227587 37.979688 -121.324544
"618" 11.48246626 10 63 2 0 0 0.013263114 37.9616 -121.323016
"619" 11.3736634 9 79 2 1 0 0.023972346 37.96484 -121.312792
"620" 11.62625415 14 76 3 0 0 0.030306028 37.960952 -121.304552
"621" 11.65918797 15 19 3 0 0 0.013925492 38.033676 -121.349544
"622" 11.31447453 12 41 3 0 0 0.034147214 38.013652 -121.32036
"623" 12.12269104 17 31 3 0 0 0.003405865 38.00226 -121.3562
"624" 11.75587164 13 34 3 0 0 0.000890988 38.00292 -121.351856
"625" 12.06968002 17 16 3 0 0 0.00156347 37.979188 -121.345512
"626" 12.13350195 25.42 10 5 0 0 0.00384091 38.03938 -121.36248
"627" 11.53761808 13 15 3 0 0 0.040977705 38.019172 -121.315144
"628" 11.10495723 10 84 2 0 0 0.031155942 37.956116 -121.301816
"629" 11.2185544 12 38 3 1 0 0.010271188 37.961456 -121.32616
"630" 11.85651517 23 33 4 1 0 0.000423216 37.975872 -121.34304
"631" 11.15482093 10 41 3 0 0 0.06857868 37.974205 -121.268646
"632" 11.88448902 17 79 3 0 1 0.036967364 37.971392 -121.301376
"633" 11.76368418 18 68 3 1 1 0.026306102 37.964604 -121.310208
"634" 11.54248427 13 21 4 0 1 0.069578765 38.023848 -121.286336
"635" 12.46843691 25 45 3 0 0 0.022513783 37.964188 -121.36224
"636" 11.66992921 17 52 3 0 0 0.031786283 37.971512 -121.30696
"637" 11.57119437 13 26 3 1 0 0.01466643 38.026584 -121.346072
"638" 11.39639165 10 72 2 0 1 0.011058544 37.960656 -121.325016
"639" 11.51292546 14 71 3 0 0 0.028623373 37.96502 -121.307888
"640" 11.3736634 10 40 3 0 0 0.035351544 38.014328 -121.319328
"641" 11.82407989 14 4 3 0 0 0.090223289 38.021872 -121.26352
"642" 11.79433792 18.23 74 3 0 0 0.02438394 37.974388 -121.31596
"643" 12.56024446 29 18 3 1 1 0.09995218 38.02598 -121.254672
"644" 11.66992921 15 20 3 1 0 0.022163541 38.036488 -121.3418
"645" 12.5776362 26 19 3 0 0 0.012364677 38.006216 -121.367272
"646" 11.86428631 23 39 3 1 0 0.036800795 38.005048 -121.314272
"647" 11.22390917 12 47 3 0 0 0.004080279 37.970332 -121.344856
"648" 11.35040654 9 48 2 0 1 0.008444725 37.969436 -121.331128
"649" 11.35040654 11 79 2 0 0 0.013213385 37.957204 -121.321408
"650" 11.26446411 11 39 3 1 0 0.052201714 38.008456 -121.299096
"651" 12.62642637 27 6 4 0 0 0.018122093 37.980952 -121.36388
"652" 12.27839331 19.91 18 3 0 0 0.00865085 37.998896 -121.34204
"653" 12.27839331 26.83 3 5 0 0 0.024184713 38.054252 -121.346352
"654" 11.97665948 21.88 74 3 0 0 0.036805037 37.972944 -121.302136
"655" 11.77528973 15.64 7 3 1 0 0.022817918 38.045876 -121.344648
"656" 11.69483027 14.62 58 3 1 0 0.03258364 37.97616 -121.307864
"657" 11.40756495 11.58 21 3 0 0 0.070249455 38.02384 -121.285616
"658" 11.12726298 8.03 11 2 0 0 0.084194673 37.978756 -121.253672
"659" 12.27839331 32.78 41 4 1 0 0.029625441 37.97048 -121.30888
"660" 11.22524339 9.65 48 3 0 1 0.008235842 37.960652 -121.328032
"661" 11.73606902 17.25 32 3 0 0 0.020797263 38.023096 -121.3382
"662" 12.10430013 22.69 29 5 1 0 0.032448316 38.026968 -121.327208
"663" 12.17018637 17.64 38 3 1 1 0.020476679 38.041772 -121.3456
"664" 11.80110741 15.52 20 3 0 0 0.009382959 38.033316 -121.354264
"665" 11.12726298 8.16 87 2 0 0 0.010698852 37.957352 -121.324152
"666" 12.68230682 26.38 3 4 0 1 0.01351176 37.97818 -121.357904
"667" 11.25803322 9.99 59 2 1 0 0.02010033 37.956596 -121.313816
"668" 11.28978191 13.28 68 2 1 0 0.02403049 37.9642 -121.312488
"669" 11.32055357 10.77 60 2 0 0 0.016414367 37.960988 -121.319416
"670" 11.55214618 15.41 26 4 0 1 0.054404318 38.024468 -121.302792
"671" 11.54248427 9.95 57 2 0 0 0.041943045 37.977148 -121.298232
"672" 11.67419361 14.24 59 3 1 0 0.042682982 37.990864 -121.302624
"673" 11.71177632 14.31 24 3 0 0 0.011068717 38.026928 -121.350048
"674" 12.05815252 20.61 43 3 0 0 0.013327707 38.004844 -121.339288
"675" 11.66950177 11.97 36 3 0 1 0.110174569 38.0466 -121.251536
"676" 11.607781 12.42 14 3 1 1 0.001528018 37.998596 -121.352808
"677" 11.8493977 16.44 19 3 0 1 0.037618189 38.040916 -121.326952
"678" 12.07254125 18.71 28 3 0 0 0.007207875 37.995262 -121.35762
"679" 11.88448902 22.26 19 4 1 0 0.008429689 38.033816 -121.355472
"680" 12.27816072 19.31 42 3 0 1 0.013094717 38.00482 -121.339528
"681" 11.81303006 16.36 43 3 0 0 0.027350657 38.021248 -121.330496
"682" 12.19602231 24.06 27 4 0 0 0.00628916 37.995564 -121.356752
"683" 11.32659589 11.03 58 2 1 0 0.026622134 37.970452 -121.31208
"684" 11.32659589 8.89 48 2 1 0 0.040796169 37.98686 -121.303128
"685" 12.01370075 15.16 31 3 1 1 0.003390312 38.002304 -121.3562
