"Y" "X1" "X2" "X3" "X4" "X5" "X6" "Lat" "Longi"
"412" 11.7829526 14 6 3 0 0 0.014610838 38.054732 -121.356768
"413" 11.73566894 15 9 3 1 0 0.014453822 38.032736 -121.348624
"414" 11.66134547 14 82 2 0 0 0.035331266 37.971908 -121.30332
"415" 12.4292162 21 50 3 0 0 0.029891399 37.968332 -121.307784
"416" 12.09514108 16 2 3 0 0 0.008592533 37.9918 -121.357792
"417" 11.14186178 9 46 2 0 0 0.010133829 37.967264 -121.350168
"418" 11.27720313 11 33 3 1 0 0.042077438 38.031196 -121.318512
"419" 11.98292909 18 22 3 0 0 0.021204098 37.991644 -121.32588
"420" 11.46845097 11 72 2 0 0 0.018610212 37.960256 -121.316792
"421" 11.76756768 16 43 3 0 0 0.024334176 38.025184 -121.335208
"422" 11.28978191 13 52 3 1 0 0.060998785 37.973112 -121.276336
"423" 12.44901882 25 20 4 0 1 0.109002277 38.044448 -121.251976
"424" 11.88449592 22 20 4 0 0 0.02047892 38.033056 -121.342304
"425" 11.32357929 11 45 3 1 0 0.012642671 38.002652 -121.339192
"426" 11.9316358 25 69 3 0 0 0.028723901 38.02056 -121.328768
"427" 11.12726298 10 17 2 0 0 0.048869511 37.995028 -121.297584
"428" 10.91326863 8 57 2 0 1 0.050430533 37.980708 -121.290504
"429" 11.0806029 10 20 3 1 0 0.075049152 37.986672 -121.26644
"430" 12.23027733 19 21 3 0 0 0.009273258 38.0077 -121.364528
"431" 12.1278408 20 49 3 0 0 0.104380356 38.027816 -121.250632
"432" 12.31043266 21 26 4 0 0 0.105938067 38.0423 -121.25444
"433" 11.66134547 14 39 3 0 0 0.018776402 38.007704 -121.334544
"434" 11.90496755 21 19 4 0 0 0.036522353 38.040928 -121.328128
"435" 11.69524702 14 19 3 0 0 0.007005406 38.03292 -121.356656
"436" 11.44838694 12 26 3 0 0 0.049961037 38.027268 -121.3086
"437" 11.67801608 15 18 3 1 0 0.040782857 38.019764 -121.315576
"438" 11.13458902 11 48 2 0 0 0.07398494 37.956584 -121.256208
"439" 11.45105006 10 48 3 0 0 0.039258529 37.983124 -121.30336
"440" 12.05641187 26 9 4 1 0 0.000102631 38.034076 -121.364472
"441" 11.83500896 18 6 3 0 1 0.017914348 38.021228 -121.340576
"442" 10.97678203 8 52 2 0 0 0.049628485 37.986992 -121.293736
"443" 10.91508846 9 60 2 1 0 0.048874512 37.980392 -121.292048
"444" 11.60823564 17 34 3 0 0 0.047110435 38.01552 -121.307208
"445" 11.7905572 19 19 3 0 0 0.011707162 38.034048 -121.352056
"446" 11.2708539 11 27 3 1 0 0.051982381 38.015584 -121.302024
"447" 11.84222921 12 50 3 0 1 0.106191507 38.050088 -121.257112
"448" 11.67419361 18 21 4 0 0 0.03264806 38.038436 -121.331328
"449" 11.77490504 16 16 3 0 0 0.015305668 38.032436 -121.3476
"450" 11.77528973 18 81 2 0 0 0.034815006 37.970384 -121.303296
"451" 11.7829526 21 20 3 0 0 0.031992166 38.034908 -121.330696
"452" 12.42118403 23 2 4 0 0 0.012665708 37.972084 -121.354696
"453" 11.79433792 17 5 4 1 0 0.062112278 37.998576 -121.284768
"454" 11.84904049 17 13 3 0 0 0.0063422 38.042476 -121.360976
"455" 11.7109153 16 20 3 0 0 0.034543771 38.032028 -121.32688
"456" 11.56171563 17 77 4 0 0 0.028894056 37.963584 -121.307056
"457" 11.76756768 17 88 3 1 1 0.031613817 37.960968 -121.30316
"458" 12.20607265 23 45 3 0 0 0.020810196 37.965112 -121.360768
"459" 11.19134184 12 30 3 0 0 0.04965066 38.017096 -121.305088
"460" 12.25486281 21 31 3 0 1 0.003405934 38.003276 -121.356584
"461" 11.41861479 12 32 3 1 0 0.049803745 38.0293 -121.309536
"462" 11.50287513 11 38 3 0 0 0.045274351 38.013332 -121.308344
"463" 11.86709728 19 18 4 0 0 0.017014635 38.040044 -121.348648
"464" 11.26446411 12 49 2 1 0 0.018774919 37.979204 -121.323776
"465" 10.94199592 8 53 2 1 0 0.049034459 37.986116 -121.29404
"466" 11.65268741 13 56 3 0 0 0.018680564 37.974216 -121.321992
"467" 11.17745273 11 17 3 1 0 0.070900004 38.025384 -121.285504
"468" 11.89818787 20 9 4 0 1 0.061158491 38.0093 -121.28984
"469" 11.25803322 11 17 3 1 0 0.073348392 38.030892 -121.284968
"470" 11.91839057 17 6 3 0 0 0.014441545 38.05474 -121.356952
"471" 11.77528973 20 15 4 1 0 0.005458903 38.035616 -121.359328
"472" 11.35040654 13 29 3 0 0 0.048098226 38.017764 -121.307
"473" 11.6307085 14 42 3 1 0 0.002326376 37.963544 -121.340416
"474" 11.53272809 10 48 3 1 0 0.01340537 37.977944 -121.32904
"475" 11.2835123 8 46 2 1 0 0.018222759 38.003068 -121.333384
"476" 11.31447453 7 52 2 1 0 0.108275065 38.042052 -121.251848
"477" 11.88448902 18 44 3 0 0 0.011732647 38.003232 -121.340384
"478" 11.32055357 9 59 2 0 0 0.0105946 37.95928 -121.324992
"479" 12.12269104 17 18 3 0 0 0.007391997 37.994996 -121.341912
"480" 11.8493977 18 24 4 0 0 0.005705928 38.0129 -121.35048
"481" 11.71177632 14 47 3 0 0 0.008518836 37.974028 -121.332784
"482" 11.69524702 14 78 3 1 1 0.03701192 37.973 -121.301936
"483" 12.46458334 25 13 4 0 0 0.000780735 38.015212 -121.358288
"484" 11.10495723 10 49 2 1 1 0.00799361 37.959628 -121.327904
"485" 11.42409425 13 27 3 0 0 0.049924274 38.027164 -121.3086
"486" 11.44035477 11 21 3 0 0 0.029504808 38.034032 -121.333024
"487" 12.11450545 21 51 3 0 0 0.029491152 37.9748 -121.310656
"488" 11.22524339 9 49 2 0 0 0.069660877 37.975684 -121.268048
"489" 11.6351431 13 39 3 0 0 0.009194457 38.000328 -121.342
"490" 11.36789969 13 19 3 0 1 0.060343546 38.033712 -121.299936
"491" 12.07254125 22 48 3 0 1 0.029413282 37.971764 -121.309592
"492" 11.88448902 20 9 4 1 0 0.060455902 38.012224 -121.291696
"493" 11.80559508 18 21 4 0 0 0.037024887 38.031108 -121.32388
"494" 11.39639165 12 32 3 0 0 0.043572315 38.026872 -121.31528
"495" 11.5228758 11 27 4 0 0 0.035487902 38.0264 -121.323744
"496" 11.58988651 14 68 2 0 0 0.021769363 37.964832 -121.315144
"497" 12.15477935 16 30 3 0 0 0.004668029 37.999388 -121.356464
"498" 12.1281111 27 94 4 0 0 0.035035132 37.957648 -121.298248
"499" 11.86709728 21 12 3 0 0 0.061055481 38.008564 -121.289672
"500" 11.47210347 14 21 3 0 1 0.052258444 37.997396 -121.294856
"501" 11.2185544 11 19 4 1 0 0.076373908 38.031004 -121.281776
"502" 11.39639165 11.76 46 3 0 0 0.017387984 38.001892 -121.333832
"503" 11.35039477 12 36 3 0 0 0.042016259 38.02446 -121.316032
"504" 11.79244935 15 10 3 1 0 0.004965266 38.039364 -121.361272
"505" 11.4616427 10 8 2 1 0 0.075271278 38.025196 -121.28076
"506" 11.65702581 16 9 3 1 0 0.062347785 38.006652 -121.287568
"507" 11.69107165 17 29 4 0 0 0.046987491 38.027176 -121.311744
"508" 11.28915672 11 75 3 0 0 0.028434664 37.96112 -121.306616
"509" 11.26446411 12 75 2 1 0 0.028515155 37.961136 -121.306536
"510" 11.11914186 11 43 4 1 1 0.014790408 37.978856 -121.327904
"511" 12.13081016 27 13 6 0 0 0.01441468 38.03904 -121.351048
"512" 11.69524702 13 74 2 0 0 0.03977772 37.972716 -121.298872
"513" 11.60823564 11 9 3 0 0 0.070542036 38.01838 -121.28324
"514" 11.91772368 22 18 4 0 0 0.019210549 38.040032 -121.346296
"515" 11.9381932 18 20 4 0 0 0.020342217 38.033008 -121.342432
"516" 11.81265962 14 3 3 0 0 0.030211018 38.04634 -121.33692
"517" 11.58988651 14 10 4 0 0 0.060461903 38.012368 -121.291744
"518" 11.49272276 15 50 3 1 0 0.009656607 37.975172 -121.332
"519" 11.67419361 15 4 4 0 1 0.070053917 38.008552 -121.280048
"520" 11.17745273 10 23 3 1 0 0.070351293 38.0323 -121.288704
"521" 11.35919137 12 46 3 0 0 0.008604707 37.976388 -121.333584
"522" 12.27839331 19 3 2 0 0 0.012235388 37.980944 -121.357584
"523" 11.60823564 15 47 3 0 0 0.007685544 37.969236 -121.331864
"524" 11.99535161 18 8 3 0 0 0.000605993 38.041576 -121.366768
"525" 11.84581988 11 47 2 0 0 0.023653348 37.965356 -121.313328
"526" 11.40700924 11 18 3 0 0 0.073300318 38.030756 -121.284968
"527" 11.71586631 16 17 3 0 0 0.01111286 38.037236 -121.353896
"528" 11.91805718 18 88 3 1 0 0.046542756 37.97026 -121.290712
"529" 11.49272276 13 48 2 0 0 0.027370142 37.971192 -121.31156
"530" 12.27816072 21 16 3 0 0 0.013504759 37.999036 -121.336904
"531" 11.30220443 9 51 2 0 0 0.022405669 37.970464 -121.316592
"532" 11.1124479 10 89 3 1 0 0.039477724 37.96414 -121.295952
"533" 12.16982351 19 14 3 1 0 0.008935637 37.998876 -121.341728
"534" 11.52781408 13 23 3 0 0 0.002372622 38.011132 -121.358448
"535" 11.1844214 9 84 3 1 0 0.042099302 37.973864 -121.296824
"536" 11.86358234 19 20 4 0 0 0.006985369 37.994756 -121.342256
"537" 11.91505167 16 48 3 0 0 0.029202019 38.008448 -121.32368
"538" 11.2835123 10 40 3 1 0 0.037423031 38.0157 -121.317632
"539" 11.36210258 13 39 3 0 0 0.111318134 38.0492 -121.251296
"540" 11.33260191 13 41 3 1 0 0.02872566 37.984236 -121.31504
"541" 11.3083583 11 44 3 0 0 0.045528997 38.00768 -121.305936
"542" 12.18075484 23 53 3 0 0 0.013081268 37.96424 -121.324208
"543" 12.11724143 21 9 4 0 0 0.003844945 37.961852 -121.3414
"544" 11.57118494 13 49 3 0 0 0.006630747 37.97146 -121.333832
"545" 12.07254125 18 9 3 1 0 0.001332067 38.033828 -121.365912
"546" 11.6307085 16 21 3 0 0 0.03269472 38.038568 -121.331328
"547" 11.67674355 16 6 4 0 0 0.065260428 38.008096 -121.285
"548" 11.2708539 11 19 2 0 0 0.05873752 38.02612 -121.298784
