"Y" "X1" "X2" "X3" "X4" "X5" "X6" "Lat" "Longi"
"1097" 11.88448902 19.42 15 4 0 1 0.014280528 38.042196 -121.352384
"1098" 11.11988288 9.72 47 3 1 0 0.007484661 37.965528 -121.34668
"1099" 11.69441334 15.98 22 3 0 1 0.039722921 38.03692 -121.323192
"1100" 11.607781 18.78 19 3 0 0 0.067837794 38.022416 -121.287656
"1101" 11.8913619 15.05 54 3 1 1 0.026819775 37.96864 -121.311184
"1102" 11.03650127 9.15 53 2 1 0 0.047110469 37.97248 -121.290944
"1103" 11.74799759 16.21 20 3 1 1 0.035531148 38.025612 -121.3234
"1104" 12.06681058 22.66 19 4 0 0 0.006699995 37.980844 -121.337304
"1105" 12.46071486 26.45 22 4 1 0 0.010148106 37.9899 -121.33704
"1106" 11.64395373 14.81 73 2 1 1 0.037705163 37.968864 -121.299632
"1107" 12.05583098 22.68 11 5 0 1 0.005815043 38.040032 -121.360616
"1108" 11.40756495 10.92 37 3 0 1 0.039723508 38.014396 -121.31468
"1109" 11.33140359 9.76 52 2 1 1 0.012025712 37.967224 -121.326464
"1110" 11.14186178 11.1 76 3 1 0 0.084119734 37.982016 -121.254984
"1111" 11.65268741 15.63 9 3 0 1 0.053339761 38.02984 -121.30596
"1112" 12.10043431 17.77 2 4 0 1 0.079296207 37.994368 -121.264808
"1113" 11.05089001 8 53 2 1 0 0.074635075 37.962488 -121.257744
"1114" 11.8277362 18.85 9 4 0 1 0.060804524 38.01628 -121.292856
"1115" 11.51691749 14.99 32 4 1 1 0.049980245 38.0186 -121.305304
"1116" 11.31447453 13.32 52 2 1 0 0.059769211 37.974524 -121.278184
"1117" 11.71452664 13.74 14 3 1 1 0.021047772 38.028928 -121.340136
"1118" 11.35040654 12.66 31 3 1 1 0.048854234 38.017828 -121.306216
"1119" 11.65268741 16.07 39 4 0 0 0.048889134 38.001964 -121.300184
"1120" 11.6351431 13.91 45 3 1 1 0.04562649 38.0055 -121.305008
"1121" 12.69158046 30.23 11 4 0 0 0.00505931 37.961444 -121.342544
"1122" 11.42954386 14.67 19 4 1 1 0.06391667 38.034484 -121.296408
"1123" 11.2708539 12.11 54 3 1 1 0.063587395 37.972856 -121.273472
"1124" 11.77490504 19.39 51 2 0 0 0.061039307 37.973396 -121.2764
"1125" 12.43718437 31.78 20 3 0 0 0.010787378 38.011652 -121.36764
"1126" 12.25486281 21 7 4 0 1 0.011224147 37.990156 -121.359984
"1127" 11.48760766 11 49 3 1 1 0.044589005 37.99054 -121.300464
"1128" 11.79433792 18.95 23 4 1 0 0.035945811 38.037688 -121.32752
"1129" 11.28915672 8.5 59 2 0 1 0.064457139 37.974512 -121.273168
"1130" 12.1281111 20.01 3 4 0 0 0.030194051 38.046292 -121.33692
"1131" 11.39639165 11.97 42 3 1 0 0.019262279 37.96896 -121.319384
"1132" 11.46163217 11.2 37 3 1 1 0.041187761 37.993324 -121.305152
"1133" 11.76756768 15.22 40 3 1 1 0.018535454 38.007721 -121.334808
"1134" 11.47210347 11.95 22 3 1 1 0.020789297 37.978996 -121.321544
"1135" 11.40700924 10.64 0 3 1 1 0.080583614 37.980396 -121.258152
"1136" 11.3083583 13.01 20 4 0 0 0.073896172 38.024672 -121.282032
"1137" 12.01370075 21.98 25 4 1 0 0.004636853 38.009304 -121.350264
"1138" 12.52452638 26.72 20 5 0 1 0.009239323 38.0104 -121.365512
"1139" 12.07254125 18.11 10 3 1 0 0.003894019 38.01464 -121.3614
"1140" 11.8493977 19.43 9 4 0 1 0.06581945 38.015944 -121.287368
"1141" 11.81265962 15.13 59 3 1 0 0.035418344 37.971244 -121.302976
"1142" 11.4019939 10.03 45 3 1 0 0.000316515 37.97354 -121.341368
"1143" 11.84186944 15.14 16 4 0 1 0.018475095 38.028848 -121.342856
"1144" 11.8913619 15.61 14 3 0 0 0.011501279 37.966804 -121.351456
"1145" 12.15477935 23.86 77 4 0 0 0.037119104 37.973028 -121.301832
"1146" 11.91672252 15.76 49 3 0 0 0.027950063 37.968916 -121.31008
"1147" 11.52079442 11.4 53 2 0 1 0.026191677 37.968832 -121.311928
"1148" 11.69524702 15.52 20 3 0 1 0.022224099 38.037612 -121.34216
"1149" 11.28853113 12.54 45 3 1 0 0.036543252 38.007368 -121.315424
"1150" 11.74799759 14.98 4 4 0 0 0.069432578 38.008128 -121.280552
"1151" 11.33857208 13.08 80 3 0 0 0.047405362 37.979856 -121.293416
"1152" 11.44035477 10.64 0 3 1 1 0.072511548 37.988152 -121.269712
"1153" 11.35040654 11.06 44 3 1 1 0.046478267 38.007084 -121.304696
"1154" 12.60484877 26.22 11 3 0 0 0.000579301 37.975748 -121.34316
"1155" 11.76679219 14.1 27 3 0 1 0.012223973 38.0205 -121.346384
"1156" 11.65268741 11.18 42 3 0 0 0.027138084 37.966132 -121.309896
"1157" 11.8493977 15.52 20 3 0 1 0.022070359 38.037664 -121.342344
"1158" 11.40700924 13.3 25 3 0 1 0.003461699 38.007924 -121.3584
"1159" 12.04941884 22.09 12 4 0 0 0.009387373 38.0386 -121.356256
"1160" 11.32055357 9.92 44 3 1 1 0.051275171 37.98676 -121.291888
"1161" 11.75978554 16.74 12 3 0 1 0.005880808 38.036492 -121.359208
"1162" 11.83500896 16.45 9 4 0 1 0.075256311 38.025196 -121.280776
"1163" 11.47210347 13.9 30 3 1 1 0.047696909 38.0313 -121.312544
"1164" 12.01370075 19 9 4 0 0 0.064541733 38.01216 -121.287304
"1165" 11.91170158 21.15 23 4 1 0 0.006125281 38.012308 -121.349808
"1166" 12.10071213 18.03 44 2 0 1 0.027556161 38.01298 -121.327152
"1167" 12.5776362 28 17 3 0 1 0.005044653 37.995744 -121.344704
"1168" 11.14547842 10.14 52 2 0 1 0.065435825 37.974592 -121.272152
"1169" 11.81303006 11.58 59 2 1 1 0.040942667 37.976308 -121.298984
"1170" 11.56171563 11.5 38 3 0 1 0.051414633 38.006928 -121.29936
"1171" 11.66821835 14 33 4 0 1 0.052329417 38.004816 -121.297584
"1172" 11.86639528 18.67 12 4 1 1 0.010602497 38.04172 -121.356136
"1173" 11.84222921 16.63 23 4 0 0 0.005884946 38.01112 -121.349616
"1174" 11.71177632 14.27 12 3 1 1 0.009086515 38.03578 -121.355512
"1175" 11.47729829 14.11 74 3 1 1 0.024908994 38.00348 -121.326392
"1176" 11.47210347 11.75 31 3 0 1 0.04125894 38.032416 -121.319848
"1177" 11.81303006 19.04 23 4 1 1 0.038670538 38.033096 -121.322872
"1178" 11.8493977 17.69 91 3 0 0 0.035343853 37.970504 -121.302776
"1179" 11.7829526 16.94 9 3 0 0 0.062114761 38.008872 -121.288656
"1180" 11.28978191 13.28 20 2 1 0 0.059516599 38.024852 -121.297472
"1181" 11.96718074 18.72 10 4 0 1 0.014891039 38.032872 -121.348208
"1182" 11.84581988 19.84 19 4 0 1 0.012570009 38.034012 -121.35112
"1183" 11.40700924 13.93 32 2 0 0 0.05035656 38.014012 -121.303168
"1184" 11.48246626 12.24 52 2 0 0 0.050348352 37.989092 -121.29376
"1185" 11.26446411 8.04 52 2 1 0 0.049515129 37.987624 -121.294096
"1186" 11.35040654 11.16 78 2 1 0 0.023461432 37.9653 -121.313512
"1187" 11.79810441 15.73 9 4 0 1 0.064814451 38.014604 -121.287936
"1188" 11.33618829 13.19 17 3 1 1 0.072509272 38.028624 -121.285008
"1189" 11.2515607 9 73 3 1 0 0.044637217 37.976492 -121.295104
"1190" 11.39582969 10.72 15 3 0 1 0.058546086 38.034576 -121.302184
"1191" 11.89067673 19 78 4 1 0 0.037445102 37.966604 -121.299056
"1192" 11.36789969 11.98 43 3 0 1 0.048915826 38.009788 -121.303112
"1193" 11.8493977 15.27 23 3 0 0 0.032555603 38.028944 -121.32784
"1194" 12.14153412 26.01 54 5 1 0 0.03375745 37.978528 -121.307504
"1195" 11.49272276 10.81 54 2 1 1 0.040091373 37.978028 -121.300544
"1196" 12.20607265 23.88 25 4 0 1 0.003939678 38.010192 -121.359768
"1197" 11.79735224 12.92 17 3 0 0 0.000697485 37.987608 -121.347768
"1198" 11.68687877 12.92 74 2 0 1 0.025495502 37.965804 -121.311528
"1199" 11.59910316 14.13 33 3 0 0 0.045430298 38.025036 -121.3126
"1200" 11.64395373 11.99 57 3 0 0 0.041622909 37.977068 -121.298544
"1201" 11.4019939 11.58 20 3 0 0 0.073847271 38.026312 -121.282704
"1202" 12.21849517 19.49 43 3 0 1 0.012059405 38.004728 -121.3406
"1203" 11.52188521 13.01 22 4 0 1 0.068523278 38.02408 -121.287552
"1204" 11.92503512 14.7 51 2 0 1 0.035588154 37.97056 -121.302536
"1205" 11.73606902 14 5 4 0 1 0.062072895 37.99802 -121.2846
"1206" 11.47626148 11.65 44 4 1 0 0.01588652 37.97912 -121.326832
"1207" 11.9381932 17.61 77 4 0 0 0.032665993 37.969576 -121.305288
"1208" 11.77528973 19.73 9 4 1 0 0.062549082 38.01262 -121.289608
"1209" 12.00762171 26.78 10 5 1 0 0.055629857 38.030412 -121.303728
"1210" 11.53223778 16.93 44 3 0 0 0.036629398 37.989172 -121.308456
"1211" 12.54254488 22.96 7 4 0 1 0.013543867 37.974596 -121.356584
"1212" 11.6307085 13.28 68 2 1 0 0.02403049 37.9642 -121.312488
"1213" 11.46163217 13.95 18 3 1 1 0.070328877 38.017036 -121.28296
"1214" 11.91839057 19.66 9 4 0 0 0.012000157 38.031172 -121.350656
"1215" 11.7191263 13.13 19 3 1 0 0.005768107 37.982336 -121.338864
"1216" 11.08214255 8.8 92 2 1 1 0.047535271 37.97582 -121.291752
"1217" 12.18586994 19.71 38 3 0 0 0.023647486 38.011788 -121.33088
"1218" 12.11176197 20.86 9 3 1 0 0.000939406 38.034092 -121.365592
"1219" 12.04296531 19.14 12 4 0 1 0.005180702 38.039296 -121.361016
"1220" 11.3736634 14.04 58 3 1 0 0.078557028 37.953852 -121.250288
"1221" 11.19134184 10.86 76 2 0 0 0.037838005 37.97286 -121.301
"1222" 11.84222921 18 10 4 0 0 0.055771837 38.030856 -121.303744
"1223" 11.72399644 13.85 10 2 0 1 0.065079168 38.016856 -121.288504
"1224" 11.40700924 11.64 20 3 1 1 0.055726488 38.02878 -121.303008
"1225" 12.1281111 25.92 14 5 0 0 0.028560781 38.0364 -121.334928
"1226" 11.08137302 8.89 51 2 1 0 0.025544162 37.965116 -121.311216
"1227" 11.94470788 17.79 40 3 0 0 0.024721285 38.011756 -121.32972
"1228" 12.37581542 21 37 3 0 0 0.102982765 38.028668 -121.252448
"1229" 11.33857208 11.54 17 3 1 1 0.070131305 38.025644 -121.286424
"1230" 11.48760766 14.87 31 3 0 1 0.047689046 38.029944 -121.31204
"1231" 11.4019939 14.42 49 3 0 0 0.019412225 37.957084 -121.314736
"1232" 11.1844214 9.65 18 2 1 0 0.060891843 38.026816 -121.296744
"1233" 11.9511804 21.05 9 3 0 0 0.061470902 38.007728 -121.288912
